9.5
10.5
11.5
12.5
13.5
14.5
33.5
34.5
35.5
36.5
37.5
38.5
57.5
58.5
59.5
60.5
61.5
62.5
81.5
82.5
83.5
84.5
85.5
86.5
105.5
106.5
107.5
108.5
109.5
110.5
129.5
130.5
131.5
132.5
133.5
134.5
153.5
154.5
155.5
156.5
157.5
158.5
177.5
178.5
179.5
180.5
181.5
182.5
201.5
202.5
203.5
204.5
205.5
206.5
225.5
226.5
227.5
228.5
229.5
230.5
231.5
249.5
250.5
251.5
252.5
253.5
254.5
255.5
273.5
274.5
275.5
276.5
277.5
278.5
279.5
297.5
298.5
299.5
300.5
301.5
302.5
303.5
321.5
322.5
323.5
324.5
325.5
326.5
327.5
345.5
346.5
347.5
348.5
349.5
350.5
351.5
369.5
370.5
371.5
372.5
373.5
374.5
375.5
393.5
394.5
395.5
396.5
397.5
398.5
399.5
417.5
418.5
419.5
420.5
421.5
422.5
423.5
441.5
442.5
443.5
444.5
445.5
446.5
447.5
465.5
466.5
467.5
468.5
469.5
470.5
471.5
489.5
490.5
491.5
492.5
493.5
494.5
495.5
513.5
514.5
515.5
516.5
517.5
518.5
519.5
537.5
538.5
539.5
540.5
541.5
542.5
543.5
561.5
562.5
563.5
564.5
565.5
566.5
567.5
585.5
586.5
587.5
588.5
589.5
590.5
591.5
609.5
610.5
611.5
612.5
613.5
614.5
615.5
633.5
634.5
635.5
636.5
637.5
638.5
639.5
657.5
658.5
659.5
660.5
661.5
662.5
663.5
681.5
682.5
683.5
684.5
685.5
686.5
687.5
705.5
706.5
707.5
708.5
709.5
710.5
711.5
729.5
730.5
731.5
732.5
733.5
734.5
735.5
753.5
754.5
755.5
756.5
757.5
758.5
759.5
777.5
778.5
779.5
780.5
781.5
782.5
783.5
801.5
802.5
803.5
804.5
805.5
806.5
807.5
825.5
826.5
827.5
828.5
829.5
830.5
831.5
849.5
850.5
851.5
852.5
853.5
854.5
855.5
856.5
872.5
873.5
874.5
875.5
876.5
877.5
878.5
879.5
880.5
896.5
897.5
898.5
899.5
900.5
901.5
902.5
903.5
904.5
920.5
921.5
922.5
923.5
924.5
925.5
926.5
927.5
928.5
944.5
945.5
946.5
947.5
948.5
949.5
950.5
951.5
952.5
968.5
969.5
970.5
971.5
972.5
973.5
974.5
975.5
976.5
992.5
993.5
994.5
995.5
996.5
997.5
998.5
999.5
1000.5
1016.5
1017.5
1018.5
1019.5
1020.5
1021.5
1022.5
1023.5
1024.5
1040.5
1041.5
1042.5
1043.5
1044.5
1045.5
1046.5
1047.5
1048.5
1064.5
1065.5
1066.5
1067.5
1068.5
1069.5
1070.5
1071.5
1072.5
1088.5
1089.5
1090.5
1091.5
1092.5
1093.5
1094.5
1095.5
1096.5
1112.5
1113.5
1114.5
1115.5
1116.5
1117.5
1118.5
1119.5
1120.5
1136.5
1137.5
1138.5
1139.5
1140.5
1141.5
1142.5
1143.5
1144.5
1160.5
1161.5
1162.5
1163.5
1164.5
1165.5
1166.5
1167.5
1168.5
1184.5
1185.5
1186.5
1187.5
1188.5
1189.5
1190.5
1191.5
1192.5
1208.5
1209.5
1210.5
1211.5
1212.5
1213.5
1214.5
1215.5
1216.5
1232.5
1233.5
1234.5
1235.5
1236.5
1237.5
1238.5
1239.5
1240.5
1256.5
1257.5
1258.5
1259.5
1260.5
1261.5
1262.5
1263.5
1264.5
1280.5
1281.5
1282.5
1283.5
1284.5
1285.5
1286.5
1287.5
1288.5
1304.5
1305.5
1306.5
1307.5
1308.5
1309.5
1310.5
1311.5
1312.5
1328.5
1329.5
1330.5
1331.5
1332.5
1333.5
1334.5
1335.5
1336.5
1352.5
1353.5
1354.5
1355.5
1356.5
1357.5
1358.5
1359.5
1360.5
1376.5
1377.5
1378.5
1379.5
1380.5
1381.5
1382.5
1383.5
1384.5
1399.5
1400.5
1401.5
1402.5
1403.5
1404.5
1405.5
1406.5
1407.5
1408.5
1409.5
1423.5
1424.5
1425.5
1426.5
1427.5
1428.5
1429.5
1430.5
1431.5
1432.5
1433.5
1447.5
1448.5
1449.5
1450.5
1451.5
1452.5
1453.5
1454.5
1455.5
1456.5
1457.5
1471.5
1472.5
1473.5
1474.5
1475.5
1476.5
1477.5
1478.5
1479.5
1480.5
1481.5
1495.5
1496.5
1497.5
1498.5
1499.5
1500.5
1501.5
1502.5
1503.5
1504.5
1505.5
1519.5
1520.5
1521.5
1522.5
1523.5
1524.5
1525.5
1526.5
1527.5
1528.5
1529.5
1543.5
1544.5
1545.5
1546.5
1547.5
1548.5
1549.5
1550.5
1551.5
1552.5
1553.5
1567.5
1568.5
1569.5
1570.5
1571.5
1572.5
1573.5
1574.5
1575.5
1576.5
1577.5
1591.5
1592.5
1593.5
1594.5
1595.5
1596.5
1597.5
1598.5
1599.5
1600.5
1601.5
1615.5
1616.5
1617.5
1618.5
1619.5
1620.5
1621.5
1622.5
1623.5
1624.5
1625.5
1639.5
1640.5
1641.5
1642.5
1643.5
1644.5
1645.5
1646.5
1647.5
1648.5
1649.5
1663.5
1664.5
1665.5
1666.5
1667.5
1668.5
1669.5
1670.5
1671.5
1672.5
1673.5
1687.5
1688.5
1689.5
1690.5
1691.5
1692.5
1693.5
1694.5
1695.5
1696.5
1697.5
1711.5
1712.5
1713.5
1714.5
1715.5
1716.5
1717.5
1718.5
1719.5
1720.5
1721.5
1735.5
1736.5
1737.5
1738.5
1739.5
1740.5
1741.5
1742.5
1743.5
1744.5
1745.5
1759.5
1760.5
1761.5
1762.5
1763.5
1764.5
1765.5
1766.5
1767.5
1768.5
1769.5
1783.5
1784.5
1785.5
1786.5
1787.5
1788.5
1789.5
1790.5
1791.5
1792.5
1793.5
1807.5
1808.5
1809.5
1810.5
1811.5
1812.5
1813.5
1814.5
1815.5
1816.5
1817.5
1831.5
1832.5
1833.5
1834.5
1835.5
1836.5
1837.5
1838.5
1839.5
1840.5
1841.5
1855.5
1856.5
1857.5
1858.5
1859.5
1860.5
1861.5
1862.5
1863.5
1864.5
1865.5
1878.5
1879.5
1880.5
1881.5
1882.5
1883.5
1884.5
1885.5
1886.5
1887.5
1888.5
1889.5
1902.5
1903.5
1904.5
1905.5
1906.5
1907.5
1908.5
1909.5
1910.5
1911.5
1912.5
1913.5
1926.5
1927.5
1928.5
1929.5
1930.5
1931.5
1932.5
1933.5
1934.5
1935.5
1936.5
1937.5
1950.5
1951.5
1952.5
1953.5
1954.5
1955.5
1956.5
1957.5
1958.5
1959.5
1960.5
1961.5
1974.5
1975.5
1976.5
1977.5
1978.5
1979.5
1980.5
1981.5
1982.5
1983.5
1984.5
1985.5
1986.5
1998.5
1999.5
2000.5
2001.5
2002.5
2003.5
2004.5
2005.5
2006.5
2007.5
2008.5
2009.5
2010.5
2022.5
2023.5
2024.5
2025.5
2026.5
2027.5
2028.5
2029.5
2030.5
2031.5
2032.5
2033.5
2034.5
2046.5
2047.5
2048.5
2049.5
2050.5
2051.5
2052.5
2053.5
2054.5
2055.5
2056.5
2057.5
2058.5
2070.5
2071.5
2072.5
2073.5
2074.5
2075.5
2076.5
2077.5
2078.5
2079.5
2080.5
2081.5
2082.5
2094.5
2095.5
2096.5
2097.5
2098.5
2099.5
2100.5
2101.5
2102.5
2103.5
2104.5
2105.5
2106.5
2118.5
2119.5
2120.5
2121.5
2122.5
2123.5
2124.5
2125.5
2126.5
2127.5
2128.5
2129.5
2130.5
2142.5
2143.5
2144.5
2145.5
2146.5
2147.5
2148.5
2149.5
2150.5
2151.5
2152.5
2153.5
2154.5
2166.5
2167.5
2168.5
2169.5
2170.5
2171.5
2172.5
2173.5
2174.5
2175.5
2176.5
2177.5
2178.5
2190.5
2191.5
2192.5
2193.5
2194.5
2195.5
2196.5
2197.5
2198.5
2199.5
2200.5
2201.5
2202.5
2214.5
2215.5
2216.5
2217.5
2218.5
2219.5
2220.5
2221.5
2222.5
2223.5
2224.5
2225.5
2226.5
2238.5
2239.5
2240.5
2241.5
2242.5
2243.5
2244.5
2245.5
2246.5
2247.5
2248.5
2249.5
2250.5
2262.5
2263.5
2264.5
2265.5
2266.5
2267.5
2268.5
2269.5
2270.5
2271.5
2272.5
2273.5
2274.5
2286.5
2287.5
2288.5
2289.5
2290.5
2291.5
2292.5
2293.5
2294.5
2295.5
2296.5
2297.5
2298.5
2310.5
2311.5
2312.5
2313.5
2314.5
2315.5
2316.5
2317.5
2318.5
2319.5
2320.5
2321.5
2322.5
2334.5
2335.5
2336.5
2337.5
2338.5
2339.5
2340.5
2341.5
2342.5
2343.5
2344.5
2345.5
2346.5
2357.5
2358.5
2359.5
2360.5
2361.5
2362.5
2363.5
2364.5
2365.5
2366.5
2367.5
2368.5
2369.5
2370.5
2381.5
2382.5
2383.5
2384.5
2385.5
2386.5
2387.5
2388.5
2389.5
2390.5
2391.5
2392.5
2393.5
2394.5
2405.5
2406.5
2407.5
2408.5
2409.5
2410.5
2411.5
2412.5
2413.5
2414.5
2415.5
2416.5
2417.5
2418.5
2429.5
2430.5
2431.5
2432.5
2433.5
2434.5
2435.5
2436.5
2437.5
2438.5
2439.5
2440.5
2441.5
2442.5
2453.5
2454.5
2455.5
2456.5
2457.5
2458.5
2459.5
2460.5
2461.5
2462.5
2463.5
2464.5
2465.5
2466.5
2477.5
2478.5
2479.5
2480.5
2481.5
2482.5
2483.5
2484.5
2485.5
2486.5
2487.5
2488.5
2489.5
2490.5
2501.5
2502.5
2503.5
2504.5
2505.5
2506.5
2507.5
2508.5
2509.5
2510.5
2511.5
2512.5
2513.5
2514.5
2525.5
2526.5
2527.5
2528.5
2529.5
2530.5
2531.5
2532.5
2533.5
2534.5
2535.5
2536.5
2537.5
2538.5
2549.5
2550.5
2551.5
2552.5
2553.5
2554.5
2555.5
2556.5
2557.5
2558.5
2559.5
2560.5
2561.5
2562.5
2563.5
2573.5
2574.5
2575.5
2576.5
2577.5
2578.5
2579.5
2580.5
2581.5
2582.5
2583.5
2584.5
2585.5
2586.5
2587.5
2597.5
2598.5
2599.5
2600.5
2601.5
2602.5
2603.5
2604.5
2605.5
2606.5
2607.5
2608.5
2609.5
2610.5
2611.5
2621.5
2622.5
2623.5
2624.5
2625.5
2626.5
2627.5
2628.5
2629.5
2630.5
2631.5
2632.5
2633.5
2634.5
2635.5
2645.5
2646.5
2647.5
2648.5
2649.5
2650.5
2651.5
2652.5
2653.5
2654.5
2655.5
2656.5
2657.5
2658.5
2659.5
2669.5
2670.5
2671.5
2672.5
2673.5
2674.5
2675.5
2676.5
2677.5
2678.5
2679.5
2680.5
2681.5
2682.5
2683.5
2693.5
2694.5
2695.5
2696.5
2697.5
2698.5
2699.5
2700.5
2701.5
2702.5
2703.5
2704.5
2705.5
2706.5
2707.5
2717.5
2718.5
2719.5
2720.5
2721.5
2722.5
2723.5
2724.5
2725.5
2726.5
2727.5
2728.5
2729.5
2730.5
2731.5
2741.5
2742.5
2743.5
2744.5
2745.5
2746.5
2747.5
2748.5
2749.5
2750.5
2751.5
2752.5
2753.5
2754.5
2755.5
2765.5
2766.5
2767.5
2768.5
2769.5
2770.5
2771.5
2772.5
2773.5
2774.5
2775.5
2776.5
2777.5
2778.5
2779.5
2789.5
2790.5
2791.5
2792.5
2793.5
2794.5
2795.5
2796.5
2797.5
2798.5
2799.5
2800.5
2801.5
2802.5
2803.5
2813.5
2814.5
2815.5
2816.5
2817.5
2818.5
2819.5
2820.5
2821.5
2822.5
2823.5
2824.5
2825.5
2826.5
2827.5
2836.5
2837.5
2838.5
2839.5
2840.5
2841.5
2842.5
2843.5
2844.5
2845.5
2846.5
2847.5
2848.5
2849.5
2850.5
2851.5
2860.5
2861.5
2862.5
2863.5
2864.5
2865.5
2866.5
2867.5
2868.5
2869.5
2870.5
2871.5
2872.5
2873.5
2874.5
2875.5
2884.5
2885.5
2886.5
2887.5
2888.5
2889.5
2890.5
2891.5
2892.5
2893.5
2894.5
2895.5
2896.5
2897.5
2898.5
2899.5
2908.5
2909.5
2910.5
2911.5
2912.5
2913.5
2914.5
2915.5
2916.5
2917.5
2918.5
2919.5
2920.5
2921.5
2922.5
2923.5
2932.5
2933.5
2934.5
2935.5
2936.5
2937.5
2938.5
2939.5
2940.5
2941.5
2942.5
2943.5
2944.5
2945.5
2946.5
2947.5
2956.5
2957.5
2958.5
2959.5
2960.5
2961.5
2962.5
2963.5
2964.5
2965.5
2966.5
2967.5
2968.5
2969.5
2970.5
2971.5
2980.5
2981.5
2982.5
2983.5
2984.5
2985.5
2986.5
2987.5
2988.5
2989.5
2990.5
2991.5
2992.5
2993.5
2994.5
2995.5
3004.5
3005.5
3006.5
3007.5
3008.5
3009.5
3010.5
3011.5
3012.5
3013.5
3014.5
3015.5
3016.5
3017.5
3018.5
3019.5
3028.5
3029.5
3030.5
3031.5
3032.5
3033.5
3034.5
3035.5
3036.5
3037.5
3038.5
3039.5
3040.5
3041.5
3042.5
3043.5
3052.5
3053.5
3054.5
3055.5
3056.5
3057.5
3058.5
3059.5
3060.5
3061.5
3062.5
3063.5
3064.5
3065.5
3066.5
3067.5
3076.5
3077.5
3078.5
3079.5
3080.5
3081.5
3082.5
3083.5
3084.5
3085.5
3086.5
3087.5
3088.5
3089.5
3090.5
3091.5
3100.5
3101.5
3102.5
3103.5
3104.5
3105.5
3106.5
3107.5
3108.5
3109.5
3110.5
3111.5
3112.5
3113.5
3114.5
3115.5
3124.5
3125.5
3126.5
3127.5
3128.5
3129.5
3130.5
3131.5
3132.5
3133.5
3134.5
3135.5
3136.5
3137.5
3138.5
3139.5
3140.5
3148.5
3149.5
3150.5
3151.5
3152.5
3153.5
3154.5
3155.5
3156.5
3157.5
3158.5
3159.5
3160.5
3161.5
3162.5
3163.5
3164.5
3172.5
3173.5
3174.5
3175.5
3176.5
3177.5
3178.5
3179.5
3180.5
3181.5
3182.5
3183.5
3184.5
3185.5
3186.5
3187.5
3188.5
3196.5
3197.5
3198.5
3199.5
3200.5
3201.5
3202.5
3203.5
3204.5
3205.5
3206.5
3207.5
3208.5
3209.5
3210.5
3211.5
3212.5
3220.5
3221.5
3222.5
3223.5
3224.5
3225.5
3226.5
3227.5
3228.5
3229.5
3230.5
3231.5
3232.5
3233.5
3234.5
3235.5
3236.5
3244.5
3245.5
3246.5
3247.5
3248.5
3249.5
3250.5
3251.5
3252.5
3253.5
3254.5
3255.5
3256.5
3257.5
3258.5
3259.5
3260.5
3268.5
3269.5
3270.5
3271.5
3272.5
3273.5
3274.5
3275.5
3276.5
3277.5
3278.5
3279.5
3280.5
3281.5
3282.5
3283.5
3284.5
3292.5
3293.5
3294.5
3295.5
3296.5
3297.5
3298.5
3299.5
3300.5
3301.5
3302.5
3303.5
3304.5
3305.5
3306.5
3307.5
3308.5
3316.5
3317.5
3318.5
3319.5
3320.5
3321.5
3322.5
3323.5
3324.5
3325.5
3326.5
3327.5
3328.5
3329.5
3330.5
3331.5
3332.5
3340.5
3341.5
3342.5
3343.5
3344.5
3345.5
3346.5
3347.5
3348.5
3349.5
3350.5
3351.5
3352.5
3353.5
3354.5
3355.5
3356.5
3364.5
3365.5
3366.5
3367.5
3368.5
3369.5
3370.5
3371.5
3372.5
3373.5
3374.5
3375.5
3376.5
3377.5
3378.5
3379.5
3380.5
3388.5
3389.5
3390.5
3391.5
3392.5
3393.5
3394.5
3395.5
3396.5
3397.5
3398.5
3399.5
3400.5
3401.5
3402.5
3403.5
3404.5
3412.5
3413.5
3414.5
3415.5
3416.5
3417.5
3418.5
3419.5
3420.5
3421.5
3422.5
3423.5
3424.5
3425.5
3426.5
3427.5
3428.5
3435.5
3436.5
3437.5
3438.5
3439.5
3440.5
3441.5
3442.5
3443.5
3444.5
3445.5
3446.5
3447.5
3448.5
3449.5
3450.5
3451.5
3452.5
3459.5
3460.5
3461.5
3462.5
3463.5
3464.5
3465.5
3466.5
3467.5
3468.5
3469.5
3470.5
3471.5
3472.5
3473.5
3474.5
3475.5
3476.5
3483.5
3484.5
3485.5
3486.5
3487.5
3488.5
3489.5
3490.5
3491.5
3492.5
3493.5
3494.5
3495.5
3496.5
3497.5
3498.5
3499.5
3500.5
3507.5
3508.5
3509.5
3510.5
3511.5
3512.5
3513.5
3514.5
3515.5
3516.5
3517.5
3518.5
3519.5
3520.5
3521.5
3522.5
3523.5
3524.5
3531.5
3532.5
3533.5
3534.5
3535.5
3536.5
3537.5
3538.5
3539.5
3540.5
3541.5
3542.5
3543.5
3544.5
3545.5
3546.5
3547.5
3548.5
3555.5
3556.5
3557.5
3558.5
3559.5
3560.5
3561.5
3562.5
3563.5
3564.5
3565.5
3566.5
3567.5
3568.5
3569.5
3570.5
3571.5
3572.5
3579.5
3580.5
3581.5
3582.5
3583.5
3584.5
3585.5
3586.5
3587.5
3588.5
3589.5
3590.5
3591.5
3592.5
3593.5
3594.5
3595.5
3596.5
3603.5
3604.5
3605.5
3606.5
3607.5
3608.5
3609.5
3610.5
3611.5
3612.5
3613.5
3614.5
3615.5
3616.5
3617.5
3618.5
3619.5
3620.5
3627.5
3628.5
3629.5
3630.5
3631.5
3632.5
3633.5
3634.5
3635.5
3636.5
3637.5
3638.5
3639.5
3640.5
3641.5
3642.5
3643.5
3644.5
3651.5
3652.5
3653.5
3654.5
3655.5
3656.5
3657.5
3658.5
3659.5
3660.5
3661.5
3662.5
3663.5
3664.5
3665.5
3666.5
3667.5
3668.5
3675.5
3676.5
3677.5
3678.5
3679.5
3680.5
3681.5
3682.5
3683.5
3684.5
3685.5
3686.5
3687.5
3688.5
3689.5
3690.5
3691.5
3692.5
3699.5
3700.5
3701.5
3702.5
3703.5
3704.5
3705.5
3706.5
3707.5
3708.5
3709.5
3710.5
3711.5
3712.5
3713.5
3714.5
3715.5
3716.5
3723.5
3724.5
3725.5
3726.5
3727.5
3728.5
3729.5
3730.5
3731.5
3732.5
3733.5
3734.5
3735.5
3736.5
3737.5
3738.5
3739.5
3740.5
3747.5
3748.5
3749.5
3750.5
3751.5
3752.5
3753.5
3754.5
3755.5
3756.5
3757.5
3758.5
3759.5
3760.5
3761.5
3762.5
3763.5
3764.5
3771.5
3772.5
3773.5
3774.5
3775.5
3776.5
3777.5
3778.5
3779.5
3780.5
3781.5
3782.5
3783.5
3784.5
3785.5
3786.5
3787.5
3788.5
3795.5
3796.5
3797.5
3798.5
3799.5
3800.5
3801.5
3802.5
3803.5
3804.5
3805.5
3806.5
3807.5
3808.5
3809.5
3810.5
3811.5
3812.5
3819.5
3820.5
3821.5
3822.5
3823.5
3824.5
3825.5
3826.5
3827.5
3828.5
3829.5
3830.5
3831.5
3832.5
3833.5
3834.5
3835.5
3836.5
3843.5
3844.5
3845.5
3846.5
3847.5
3848.5
3849.5
3850.5
3851.5
3852.5
3853.5
3854.5
3855.5
3856.5
3857.5
3858.5
3859.5
3860.5
3867.5
3868.5
3869.5
3870.5
3871.5
3872.5
3873.5
3874.5
3875.5
3876.5
3877.5
3878.5
3879.5
3880.5
3881.5
3882.5
3883.5
3884.5
3891.5
3892.5
3893.5
3894.5
3895.5
3896.5
3897.5
3898.5
3899.5
3900.5
3901.5
3902.5
3903.5
3904.5
3905.5
3906.5
3907.5
3908.5
3909.5
3915.5
3916.5
3917.5
3918.5
3919.5
3920.5
3921.5
3922.5
3923.5
3924.5
3925.5
3926.5
3927.5
3928.5
3929.5
3930.5
3931.5
3932.5
3933.5
3939.5
3940.5
3941.5
3942.5
3943.5
3944.5
3945.5
3946.5
3947.5
3948.5
3949.5
3950.5
3951.5
3952.5
3953.5
3954.5
3955.5
3956.5
3957.5
3963.5
3964.5
3965.5
3966.5
3967.5
3968.5
3969.5
3970.5
3971.5
3972.5
3973.5
3974.5
3975.5
3976.5
3977.5
3978.5
3979.5
3980.5
3981.5
3987.5
3988.5
3989.5
3990.5
3991.5
3992.5
3993.5
3994.5
3995.5
3996.5
3997.5
3998.5
3999.5
4000.5
4001.5
4002.5
4003.5
4004.5
4005.5
4011.5
4012.5
4013.5
4014.5
4015.5
4016.5
4017.5
4018.5
4019.5
4020.5
4021.5
4022.5
4023.5
4024.5
4025.5
4026.5
4027.5
4028.5
4029.5
4035.5
4036.5
4037.5
4038.5
4039.5
4040.5
4041.5
4042.5
4043.5
4044.5
4045.5
4046.5
4047.5
4048.5
4049.5
4050.5
4051.5
4052.5
4053.5
4059.5
4060.5
4061.5
4062.5
4063.5
4064.5
4065.5
4066.5
4067.5
4068.5
4069.5
4070.5
4071.5
4072.5
4073.5
4074.5
4075.5
4076.5
4077.5
4083.5
4084.5
4085.5
4086.5
4087.5
4088.5
4089.5
4090.5
4091.5
4092.5
4093.5
4094.5
4095.5
4096.5
4097.5
4098.5
4099.5
4100.5
4101.5
4107.5
4108.5
4109.5
4110.5
4111.5
4112.5
4113.5
4114.5
4115.5
4116.5
4117.5
4118.5
4119.5
4120.5
4121.5
4122.5
4123.5
4124.5
4125.5
4131.5
4132.5
4133.5
4134.5
4135.5
4136.5
4137.5
4138.5
4139.5
4140.5
4141.5
4142.5
4143.5
4144.5
4145.5
4146.5
4147.5
4148.5
4149.5
4155.5
4156.5
4157.5
4158.5
4159.5
4160.5
4161.5
4162.5
4163.5
4164.5
4165.5
4166.5
4167.5
4168.5
4169.5
4170.5
4171.5
4172.5
4173.5
4179.5
4180.5
4181.5
4182.5
4183.5
4184.5
4185.5
4186.5
4187.5
4188.5
4189.5
4190.5
4191.5
4192.5
4193.5
4194.5
4195.5
4196.5
4197.5
4203.5
4204.5
4205.5
4206.5
4207.5
4208.5
4209.5
4210.5
4211.5
4212.5
4213.5
4214.5
4215.5
4216.5
4217.5
4218.5
4219.5
4220.5
4221.5
4227.5
4228.5
4229.5
4230.5
4231.5
4232.5
4233.5
4234.5
4235.5
4236.5
4237.5
4238.5
4239.5
4240.5
4241.5
4242.5
4243.5
4244.5
4245.5
4251.5
4252.5
4253.5
4254.5
4255.5
4256.5
4257.5
4258.5
4259.5
4260.5
4261.5
4262.5
4263.5
4264.5
4265.5
4266.5
4267.5
4268.5
4269.5
4275.5
4276.5
4277.5
4278.5
4279.5
4280.5
4281.5
4282.5
4283.5
4284.5
4285.5
4286.5
4287.5
4288.5
4289.5
4290.5
4291.5
4292.5
4293.5
4299.5
4300.5
4301.5
4302.5
4303.5
4304.5
4305.5
4306.5
4307.5
4308.5
4309.5
4310.5
4311.5
4312.5
4313.5
4314.5
4315.5
4316.5
4317.5
4323.5
4324.5
4325.5
4326.5
4327.5
4328.5
4329.5
4330.5
4331.5
4332.5
4333.5
4334.5
4335.5
4336.5
4337.5
4338.5
4339.5
4340.5
4341.5
4347.5
4348.5
4349.5
4350.5
4351.5
4352.5
4353.5
4354.5
4355.5
4356.5
4357.5
4358.5
4359.5
4360.5
4361.5
4362.5
4363.5
4364.5
4365.5
4371.5
4372.5
4373.5
4374.5
4375.5
4376.5
4377.5
4378.5
4379.5
4380.5
4381.5
4382.5
4383.5
4384.5
4385.5
4386.5
4387.5
4388.5
4389.5
4395.5
4396.5
4397.5
4398.5
4399.5
4400.5
4401.5
4402.5
4403.5
4404.5
4405.5
4406.5
4407.5
4408.5
4409.5
4410.5
4411.5
4412.5
4413.5
4419.5
4420.5
4421.5
4422.5
4423.5
4424.5
4425.5
4426.5
4427.5
4428.5
4429.5
4430.5
4431.5
4432.5
4433.5
4434.5
4435.5
4436.5
4437.5
4443.5
4444.5
4445.5
4446.5
4447.5
4448.5
4449.5
4450.5
4451.5
4452.5
4453.5
4454.5
4455.5
4456.5
4457.5
4458.5
4459.5
4460.5
4461.5
4467.5
4468.5
4469.5
4470.5
4471.5
4472.5
4473.5
4474.5
4475.5
4476.5
4477.5
4478.5
4479.5
4480.5
4481.5
4482.5
4483.5
4484.5
4491.5
4492.5
4493.5
4494.5
4495.5
4496.5
4497.5
4498.5
4499.5
4500.5
4501.5
4502.5
4503.5
4504.5
4505.5
4506.5
4507.5
4508.5
4515.5
4516.5
4517.5
4518.5
4519.5
4520.5
4521.5
4522.5
4523.5
4524.5
4525.5
4526.5
4527.5
4528.5
4529.5
4530.5
4531.5
4532.5
4539.5
4540.5
4541.5
4542.5
4543.5
4544.5
4545.5
4546.5
4547.5
4548.5
4549.5
4550.5
4551.5
4552.5
4553.5
4554.5
4555.5
4556.5
4563.5
4564.5
4565.5
4566.5
4567.5
4568.5
4569.5
4570.5
4571.5
4572.5
4573.5
4574.5
4575.5
4576.5
4577.5
4578.5
4579.5
4580.5
4587.5
4588.5
4589.5
4590.5
4591.5
4592.5
4593.5
4594.5
4595.5
4596.5
4597.5
4598.5
4599.5
4600.5
4601.5
4602.5
4603.5
4604.5
4611.5
4612.5
4613.5
4614.5
4615.5
4616.5
4617.5
4618.5
4619.5
4620.5
4621.5
4622.5
4623.5
4624.5
4625.5
4626.5
4627.5
4628.5
4635.5
4636.5
4637.5
4638.5
4639.5
4640.5
4641.5
4642.5
4643.5
4644.5
4645.5
4646.5
4647.5
4648.5
4649.5
4650.5
4651.5
4652.5
4659.5
4660.5
4661.5
4662.5
4663.5
4664.5
4665.5
4666.5
4667.5
4668.5
4669.5
4670.5
4671.5
4672.5
4673.5
4674.5
4675.5
4676.5
4683.5
4684.5
4685.5
4686.5
4687.5
4688.5
4689.5
4690.5
4691.5
4692.5
4693.5
4694.5
4695.5
4696.5
4697.5
4698.5
4699.5
4700.5
4708.5
4709.5
4710.5
4711.5
4712.5
4713.5
4714.5
4715.5
4716.5
4717.5
4718.5
4719.5
4720.5
4721.5
4722.5
4723.5
4724.5
4732.5
4733.5
4734.5
4735.5
4736.5
4737.5
4738.5
4739.5
4740.5
4741.5
4742.5
4743.5
4744.5
4745.5
4746.5
4747.5
4748.5
4756.5
4757.5
4758.5
4759.5
4760.5
4761.5
4762.5
4763.5
4764.5
4765.5
4766.5
4767.5
4768.5
4769.5
4770.5
4771.5
4772.5
4780.5
4781.5
4782.5
4783.5
4784.5
4785.5
4786.5
4787.5
4788.5
4789.5
4790.5
4791.5
4792.5
4793.5
4794.5
4795.5
4796.5
4804.5
4805.5
4806.5
4807.5
4808.5
4809.5
4810.5
4811.5
4812.5
4813.5
4814.5
4815.5
4816.5
4817.5
4818.5
4819.5
4820.5
4828.5
4829.5
4830.5
4831.5
4832.5
4833.5
4834.5
4835.5
4836.5
4837.5
4838.5
4839.5
4840.5
4841.5
4842.5
4843.5
4844.5
4852.5
4853.5
4854.5
4855.5
4856.5
4857.5
4858.5
4859.5
4860.5
4861.5
4862.5
4863.5
4864.5
4865.5
4866.5
4867.5
4868.5
4876.5
4877.5
4878.5
4879.5
4880.5
4881.5
4882.5
4883.5
4884.5
4885.5
4886.5
4887.5
4888.5
4889.5
4890.5
4891.5
4892.5
4900.5
4901.5
4902.5
4903.5
4904.5
4905.5
4906.5
4907.5
4908.5
4909.5
4910.5
4911.5
4912.5
4913.5
4914.5
4915.5
4916.5
4924.5
4925.5
4926.5
4927.5
4928.5
4929.5
4930.5
4931.5
4932.5
4933.5
4934.5
4935.5
4936.5
4937.5
4938.5
4939.5
4940.5
4948.5
4949.5
4950.5
4951.5
4952.5
4953.5
4954.5
4955.5
4956.5
4957.5
4958.5
4959.5
4960.5
4961.5
4962.5
4963.5
4964.5
4972.5
4973.5
4974.5
4975.5
4976.5
4977.5
4978.5
4979.5
4980.5
4981.5
4982.5
4983.5
4984.5
4985.5
4986.5
4987.5
4988.5
4996.5
4997.5
4998.5
4999.5
5000.5
5001.5
5002.5
5003.5
5004.5
5005.5
5006.5
5007.5
5008.5
5009.5
5010.5
5011.5
5012.5
5020.5
5021.5
5022.5
5023.5
5024.5
5025.5
5026.5
5027.5
5028.5
5029.5
5030.5
5031.5
5032.5
5033.5
5034.5
5035.5
5036.5
5044.5
5045.5
5046.5
5047.5
5048.5
5049.5
5050.5
5051.5
5052.5
5053.5
5054.5
5055.5
5056.5
5057.5
5058.5
5059.5
5060.5
5068.5
5069.5
5070.5
5071.5
5072.5
5073.5
5074.5
5075.5
5076.5
5077.5
5078.5
5079.5
5080.5
5081.5
5082.5
5083.5
5084.5
5092.5
5093.5
5094.5
5095.5
5096.5
5097.5
5098.5
5099.5
5100.5
5101.5
5102.5
5103.5
5104.5
5105.5
5106.5
5107.5
5108.5
5116.5
5117.5
5118.5
5119.5
5120.5
5121.5
5122.5
5123.5
5124.5
5125.5
5126.5
5127.5
5128.5
5129.5
5130.5
5131.5
5132.5
5140.5
5141.5
5142.5
5143.5
5144.5
5145.5
5146.5
5147.5
5148.5
5149.5
5150.5
5151.5
5152.5
5153.5
5154.5
5155.5
5156.5
5164.5
5165.5
5166.5
5167.5
5168.5
5169.5
5170.5
5171.5
5172.5
5173.5
5174.5
5175.5
5176.5
5177.5
5178.5
5179.5
5180.5
5188.5
5189.5
5190.5
5191.5
5192.5
5193.5
5194.5
5195.5
5196.5
5197.5
5198.5
5199.5
5200.5
5201.5
5202.5
5203.5
5204.5
5212.5
5213.5
5214.5
5215.5
5216.5
5217.5
5218.5
5219.5
5220.5
5221.5
5222.5
5223.5
5224.5
5225.5
5226.5
5227.5
5236.5
5237.5
5238.5
5239.5
5240.5
5241.5
5242.5
5243.5
5244.5
5245.5
5246.5
5247.5
5248.5
5249.5
5250.5
5251.5
5260.5
5261.5
5262.5
5263.5
5264.5
5265.5
5266.5
5267.5
5268.5
5269.5
5270.5
5271.5
5272.5
5273.5
5274.5
5275.5
5284.5
5285.5
5286.5
5287.5
5288.5
5289.5
5290.5
5291.5
5292.5
5293.5
5294.5
5295.5
5296.5
5297.5
5298.5
5299.5
5308.5
5309.5
5310.5
5311.5
5312.5
5313.5
5314.5
5315.5
5316.5
5317.5
5318.5
5319.5
5320.5
5321.5
5322.5
5323.5
5332.5
5333.5
5334.5
5335.5
5336.5
5337.5
5338.5
5339.5
5340.5
5341.5
5342.5
5343.5
5344.5
5345.5
5346.5
5347.5
5357.5
5358.5
5359.5
5360.5
5361.5
5362.5
5363.5
5364.5
5365.5
5366.5
5367.5
5368.5
5369.5
5370.5
5371.5
5381.5
5382.5
5383.5
5384.5
5385.5
5386.5
5387.5
5388.5
5389.5
5390.5
5391.5
5392.5
5393.5
5394.5
5395.5
5405.5
5406.5
5407.5
5408.5
5409.5
5410.5
5411.5
5412.5
5413.5
5414.5
5415.5
5416.5
5417.5
5418.5
5419.5
5429.5
5430.5
5431.5
5432.5
5433.5
5434.5
5435.5
5436.5
5437.5
5438.5
5439.5
5440.5
5441.5
5442.5
5443.5
5453.5
5454.5
5455.5
5456.5
5457.5
5458.5
5459.5
5460.5
5461.5
5462.5
5463.5
5464.5
5465.5
5466.5
5467.5
5477.5
5478.5
5479.5
5480.5
5481.5
5482.5
5483.5
5484.5
5485.5
5486.5
5487.5
5488.5
5489.5
5490.5
5491.5
5501.5
5502.5
5503.5
5504.5
5505.5
5506.5
5507.5
5508.5
5509.5
5510.5
5511.5
5512.5
5513.5
5514.5
5515.5
5525.5
5526.5
5527.5
5528.5
5529.5
5530.5
5531.5
5532.5
5533.5
5534.5
5535.5
5536.5
5537.5
5538.5
5539.5
5549.5
5550.5
5551.5
5552.5
5553.5
5554.5
5555.5
5556.5
5557.5
5558.5
5559.5
5560.5
5561.5
5562.5
5563.5
5573.5
5574.5
5575.5
5576.5
5577.5
5578.5
5579.5
5580.5
5581.5
5582.5
5583.5
5584.5
5585.5
5586.5
5587.5
5597.5
5598.5
5599.5
5600.5
5601.5
5602.5
5603.5
5604.5
5605.5
5606.5
5607.5
5608.5
5609.5
5610.5
5611.5
5621.5
5622.5
5623.5
5624.5
5625.5
5626.5
5627.5
5628.5
5629.5
5630.5
5631.5
5632.5
5633.5
5634.5
5635.5
5645.5
5646.5
5647.5
5648.5
5649.5
5650.5
5651.5
5652.5
5653.5
5654.5
5655.5
5656.5
5657.5
5658.5
5659.5
5669.5
5670.5
5671.5
5672.5
5673.5
5674.5
5675.5
5676.5
5677.5
5678.5
5679.5
5680.5
5681.5
5682.5
5683.5
5693.5
5694.5
5695.5
5696.5
5697.5
5698.5
5699.5
5700.5
5701.5
5702.5
5703.5
5704.5
5705.5
5706.5
5707.5
5717.5
5718.5
5719.5
5720.5
5721.5
5722.5
5723.5
5724.5
5725.5
5726.5
5727.5
5728.5
5729.5
5730.5
5741.5
5742.5
5743.5
5744.5
5745.5
5746.5
5747.5
5748.5
5749.5
5750.5
5751.5
5752.5
5753.5
5754.5
5765.5
5766.5
5767.5
5768.5
5769.5
5770.5
5771.5
5772.5
5773.5
5774.5
5775.5
5776.5
5777.5
5778.5
5789.5
5790.5
5791.5
5792.5
5793.5
5794.5
5795.5
5796.5
5797.5
5798.5
5799.5
5800.5
5801.5
5802.5
5813.5
5814.5
5815.5
5816.5
5817.5
5818.5
5819.5
5820.5
5821.5
5822.5
5823.5
5824.5
5825.5
5826.5
5837.5
5838.5
5839.5
5840.5
5841.5
5842.5
5843.5
5844.5
5845.5
5846.5
5847.5
5848.5
5849.5
5850.5
5861.5
5862.5
5863.5
5864.5
5865.5
5866.5
5867.5
5868.5
5869.5
5870.5
5871.5
5872.5
5873.5
5874.5
5885.5
5886.5
5887.5
5888.5
5889.5
5890.5
5891.5
5892.5
5893.5
5894.5
5895.5
5896.5
5897.5
5898.5
5909.5
5910.5
5911.5
5912.5
5913.5
5914.5
5915.5
5916.5
5917.5
5918.5
5919.5
5920.5
5921.5
5922.5
5934.5
5935.5
5936.5
5937.5
5938.5
5939.5
5940.5
5941.5
5942.5
5943.5
5944.5
5945.5
5946.5
5958.5
5959.5
5960.5
5961.5
5962.5
5963.5
5964.5
5965.5
5966.5
5967.5
5968.5
5969.5
5970.5
5982.5
5983.5
5984.5
5985.5
5986.5
5987.5
5988.5
5989.5
5990.5
5991.5
5992.5
5993.5
5994.5
6006.5
6007.5
6008.5
6009.5
6010.5
6011.5
6012.5
6013.5
6014.5
6015.5
6016.5
6017.5
6018.5
6030.5
6031.5
6032.5
6033.5
6034.5
6035.5
6036.5
6037.5
6038.5
6039.5
6040.5
6041.5
6042.5
6054.5
6055.5
6056.5
6057.5
6058.5
6059.5
6060.5
6061.5
6062.5
6063.5
6064.5
6065.5
6066.5
6078.5
6079.5
6080.5
6081.5
6082.5
6083.5
6084.5
6085.5
6086.5
6087.5
6088.5
6089.5
6090.5
6102.5
6103.5
6104.5
6105.5
6106.5
6107.5
6108.5
6109.5
6110.5
6111.5
6112.5
6113.5
6114.5
6126.5
6127.5
6128.5
6129.5
6130.5
6131.5
6132.5
6133.5
6134.5
6135.5
6136.5
6137.5
6138.5
6150.5
6151.5
6152.5
6153.5
6154.5
6155.5
6156.5
6157.5
6158.5
6159.5
6160.5
6161.5
6162.5
6174.5
6175.5
6176.5
6177.5
6178.5
6179.5
6180.5
6181.5
6182.5
6183.5
6184.5
6185.5
6186.5
6198.5
6199.5
6200.5
6201.5
6202.5
6203.5
6204.5
6205.5
6206.5
6207.5
6208.5
6209.5
6222.5
6223.5
6224.5
6225.5
6226.5
6227.5
6228.5
6229.5
6230.5
6231.5
6232.5
6233.5
6246.5
6247.5
6248.5
6249.5
6250.5
6251.5
6252.5
6253.5
6254.5
6255.5
6256.5
6257.5
6270.5
6271.5
6272.5
6273.5
6274.5
6275.5
6276.5
6277.5
6278.5
6279.5
6280.5
6281.5
6294.5
6295.5
6296.5
6297.5
6298.5
6299.5
6300.5
6301.5
6302.5
6303.5
6304.5
6305.5
6318.5
6319.5
6320.5
6321.5
6322.5
6323.5
6324.5
6325.5
6326.5
6327.5
6328.5
6329.5
6342.5
6343.5
6344.5
6345.5
6346.5
6347.5
6348.5
6349.5
6350.5
6351.5
6352.5
6353.5
6366.5
6367.5
6368.5
6369.5
6370.5
6371.5
6372.5
6373.5
6374.5
6375.5
6376.5
6377.5
6390.5
6391.5
6392.5
6393.5
6394.5
6395.5
6396.5
6397.5
6398.5
6399.5
6400.5
6401.5
6414.5
6415.5
6416.5
6417.5
6418.5
6419.5
6420.5
6421.5
6422.5
6423.5
6424.5
6425.5
6438.5
6439.5
6440.5
6441.5
6442.5
6443.5
6444.5
6445.5
6446.5
6447.5
6448.5
6449.5
6462.5
6463.5
6464.5
6465.5
6466.5
6467.5
6468.5
6469.5
6470.5
6471.5
6472.5
6473.5
6486.5
6487.5
6488.5
6489.5
6490.5
6491.5
6492.5
6493.5
6494.5
6495.5
6496.5
6497.5
6510.5
6511.5
6512.5
6513.5
6514.5
6515.5
6516.5
6517.5
6518.5
6519.5
6520.5
6521.5
6535.5
6536.5
6537.5
6538.5
6539.5
6540.5
6541.5
6542.5
6543.5
6544.5
6545.5
6559.5
6560.5
6561.5
6562.5
6563.5
6564.5
6565.5
6566.5
6567.5
6568.5
6569.5
6583.5
6584.5
6585.5
6586.5
6587.5
6588.5
6589.5
6590.5
6591.5
6592.5
6593.5
6607.5
6608.5
6609.5
6610.5
6611.5
6612.5
6613.5
6614.5
6615.5
6616.5
6617.5
6631.5
6632.5
6633.5
6634.5
6635.5
6636.5
6637.5
6638.5
6639.5
6640.5
6641.5
6655.5
6656.5
6657.5
6658.5
6659.5
6660.5
6661.5
6662.5
6663.5
6664.5
6679.5
6680.5
6681.5
6682.5
6683.5
6684.5
6685.5
6686.5
6687.5
6688.5
6703.5
6704.5
6705.5
6706.5
6707.5
6708.5
6709.5
6710.5
6711.5
6712.5
6727.5
6728.5
6729.5
6730.5
6731.5
6732.5
6733.5
6734.5
6735.5
6736.5
6751.5
6752.5
6753.5
6754.5
6755.5
6756.5
6757.5
6758.5
6759.5
6760.5
6775.5
6776.5
6777.5
6778.5
6779.5
6780.5
6781.5
6782.5
6783.5
6784.5
6799.5
6800.5
6801.5
6802.5
6803.5
6804.5
6805.5
6806.5
6807.5
6808.5
6823.5
6824.5
6825.5
6826.5
6827.5
6828.5
6829.5
6830.5
6831.5
6832.5
6847.5
6848.5
6849.5
6850.5
6851.5
6852.5
6853.5
6854.5
6855.5
6856.5
6871.5
6872.5
6873.5
6874.5
6875.5
6876.5
6877.5
6878.5
6879.5
6880.5
6895.5
6896.5
6897.5
6898.5
6899.5
6900.5
6901.5
6902.5
6903.5
6904.5
6919.5
6920.5
6921.5
6922.5
6923.5
6924.5
6925.5
6926.5
6927.5
6928.5
6943.5
6944.5
6945.5
6946.5
6947.5
6948.5
6949.5
6950.5
6951.5
6952.5
6967.5
6968.5
6969.5
6970.5
6971.5
6972.5
6973.5
6974.5
6975.5
6976.5
6991.5
6992.5
6993.5
6994.5
6995.5
6996.5
6997.5
6998.5
6999.5
7000.5
7015.5
7016.5
7017.5
7018.5
7019.5
7020.5
7021.5
7022.5
7023.5
7024.5
7039.5
7040.5
7041.5
7042.5
7043.5
7044.5
7045.5
7046.5
7047.5
7048.5
7063.5
7064.5
7065.5
7066.5
7067.5
7068.5
7069.5
7070.5
7071.5
7072.5
7087.5
7088.5
7089.5
7090.5
7091.5
7092.5
7093.5
7094.5
7095.5
7096.5
7112.5
7113.5
7114.5
7115.5
7116.5
7117.5
7118.5
7119.5
7120.5
7136.5
7137.5
7138.5
7139.5
7140.5
7141.5
7142.5
7143.5
7160.5
7161.5
7162.5
7163.5
7164.5
7165.5
7166.5
7167.5
7184.5
7185.5
7186.5
7187.5
7188.5
7189.5
7190.5
7191.5
7208.5
7209.5
7210.5
7211.5
7212.5
7213.5
7214.5
7215.5
7232.5
7233.5
7234.5
7235.5
7236.5
7237.5
7238.5
7239.5
7256.5
7257.5
7258.5
7259.5
7260.5
7261.5
7262.5
7263.5
7280.5
7281.5
7282.5
7283.5
7284.5
7285.5
7286.5
7287.5
7304.5
7305.5
7306.5
7307.5
7308.5
7309.5
7310.5
7311.5
7328.5
7329.5
7330.5
7331.5
7332.5
7333.5
7334.5
7335.5
7352.5
7353.5
7354.5
7355.5
7356.5
7357.5
7358.5
7359.5
7376.5
7377.5
7378.5
7379.5
7380.5
7381.5
7382.5
7383.5
7400.5
7401.5
7402.5
7403.5
7404.5
7405.5
7406.5
7407.5
7424.5
7425.5
7426.5
7427.5
7428.5
7429.5
7430.5
7431.5
7448.5
7449.5
7450.5
7451.5
7452.5
7453.5
7454.5
7455.5
7472.5
7473.5
7474.5
7475.5
7476.5
7477.5
7478.5
7479.5
7496.5
7497.5
7498.5
7499.5
7500.5
7501.5
7502.5
7503.5
7520.5
7521.5
7522.5
7523.5
7524.5
7525.5
7526.5
7527.5
7544.5
7545.5
7546.5
7547.5
7548.5
7549.5
7550.5
7551.5
7568.5
7569.5
7570.5
7571.5
7572.5
7573.5
7574.5
7575.5
7592.5
7593.5
7594.5
7595.5
7596.5
7597.5
7598.5
7599.5
7616.5
7617.5
7618.5
7619.5
7620.5
7621.5
7622.5
7623.5
7640.5
7641.5
7642.5
7643.5
7644.5
7645.5
7646.5
7647.5
7664.5
7665.5
7666.5
7667.5
7668.5
7669.5
7670.5
7671.5
7689.5
7690.5
7691.5
7692.5
7693.5
7694.5
7695.5
7713.5
7714.5
7715.5
7716.5
7717.5
7718.5
7719.5
7737.5
7738.5
7739.5
7740.5
7741.5
7742.5
7761.5
7762.5
7763.5
7764.5
7765.5
7766.5
7785.5
7786.5
7787.5
7788.5
7789.5
7790.5
7809.5
7810.5
7811.5
7812.5
7813.5
7814.5
7833.5
7834.5
7835.5
7836.5
7837.5
7838.5
7857.5
7858.5
7859.5
7860.5
7861.5
7862.5
7881.5
7882.5
7883.5
7884.5
7885.5
7886.5
7905.5
7906.5
7907.5
7908.5
7909.5
7910.5
7929.5
7930.5
7931.5
7932.5
7933.5
7934.5
7953.5
7954.5
7955.5
7956.5
7957.5
7958.5
7977.5
7978.5
7979.5
7980.5
7981.5
7982.5
8001.5
8002.5
8003.5
8004.5
8005.5
8006.5
8025.5
8026.5
8027.5
8028.5
8029.5
8030.5
8049.5
8050.5
8051.5
8052.5
8053.5
8054.5
8073.5
8074.5
8075.5
8076.5
8077.5
8078.5
8097.5
8098.5
8099.5
8100.5
8101.5
8102.5
8121.5
8122.5
8123.5
8124.5
8125.5
8126.5
8145.5
8146.5
8147.5
8148.5
8149.5
8150.5
8169.5
8170.5
8171.5
8172.5
8173.5
8174.5
8193.5
8194.5
8195.5
8196.5
8197.5
8198.5
8217.5
8218.5
8219.5
8220.5
8221.5
8222.5
8241.5
8242.5
8243.5
8244.5
8245.5
8246.5
8265.5
8266.5
8267.5
8268.5
8269.5
8270.5
8289.5
8290.5
8291.5
8292.5
8293.5
8294.5
8313.5
8314.5
8315.5
8316.5
8317.5
8318.5
8337.5
8338.5
8339.5
8340.5
8341.5
8342.5
8361.5
8362.5
8363.5
8364.5
8365.5
8366.5
8385.5
8386.5
8387.5
8388.5
8389.5
8390.5
8409.5
8410.5
8411.5
8412.5
8413.5
8414.5
8433.5
8434.5
8435.5
8436.5
8437.5
8438.5
8457.5
8458.5
8459.5
8460.5
8461.5
8462.5
8481.5
8482.5
8483.5
8484.5
8485.5
8486.5
8505.5
8506.5
8507.5
8508.5
8509.5
8510.5
8529.5
8530.5
8531.5
8532.5
8533.5
8534.5
8553.5
8554.5
8555.5
8556.5
8557.5
8558.5
8577.5
8578.5
8579.5
8580.5
8581.5
8582.5
8601.5
8602.5
8603.5
8604.5
8605.5
8606.5
8625.5
8626.5
8627.5
8628.5
8629.5
8630.5
8649.5
8650.5
8651.5
8652.5
8653.5
8654.5
8673.5
8674.5
8675.5
8676.5
8677.5
8678.5
8697.5
8698.5
8699.5
8700.5
8701.5
8702.5
8721.5
8722.5
8723.5
8724.5
8725.5
8726.5
8745.5
8746.5
8747.5
8748.5
8749.5
8750.5
